102 4
101 5
105 4
109 3
105 1
106 3
102 3
103 3
107 2
105 3
104 4
102 3
106 4
102 5
103 3
110 2
104 3
104 5
102 3
109 3
105 3
108 4
104 3
109 2
106 2
109 2
101 3
105 4
107 1
101 5
101 1
107 2
104 5
104 5
107 1
107 2
102 5
110 3
108 5
103 5
102 5
110 5
101 3
107 4
107 2
106 5
101 5
108 5
103 2
101 2
107 1
108 2
102 4
101 2
105 2
101 3
102 4
108 4
104 2
110 5
109 3
107 2
101 4
109 1
102 4
101 5
105 3
109 4
106 3
101 2
107 5
101 2
102 5
109 5
102 5
110 5
101 4
108 4
104 5
108 3
108 5
110 3
102 2
110 3
104 5
105 5
110 4
106 5
104 4
104 5
109 4
101 2
109 2
110 5
108 4
109 3
109 5
101 3
109 2
106 5
